1316367360
1316367360
1316367360
1316367360
1316367360
2117320363
2117320363
114930692
2117320363
1052095830
2117320363
114930692
2117320363
1316367360
1052095830
114930692
750868492
1316367360
2117320363
750868492
114930692
114930692
2119764494
1316367360
2117320363
114930692
114930692
1262342672
1052095830
2117320363
114930692
1052095830
182611988
750868492
750868492
2119764494
1052095830
1262342672
182611988
778265604
353552929
2016778673
2119764494
2119764494
1052095830
1052095830
778265604
1262342672
332239912
750868492
1262342672
223853610
474591280
182611988
750868492
1052095830
778265604
2119764494
182611988
778265604
84597305
353552929
1262342672
2119764494
750868492
182611988
1262342672
114373183
750868492
778265604
2119764494
2016778673
2119764494
1262342672
353552929
1262342672
846961592
182611988
121001044
778265604
182611988
182611988
353552929
778265604
353552929
2016778673
353552929
1776072287
2016778673
353552929
2016778673
2016778673
332239912
332239912
332239912
332239912
223853610
2016778673
778265604
474591280
332239912
84597305
353552929
2016778673
223853610
223853610
332239912
223853610
332239912
2002433120
223853610
474591280
474591280
474591280
223853610
474591280
84597305
114930692
84597305
474591280
84597305
114373183
114373183
846961592
84597305
223853610
114373183
846961592
114373183
84597305
79594940
846961592
121001044
846961592
114373183
114373183
121001044
846961592
121001044
708179445
1776072287
1776072287
121001044
2073053806
1776072287
846961592
121001044
2002433120
2002433120
474591280
1776072287
79594940
79594940
2002433120
1776072287
1480433776
79594940
1659944052
2002433120
708179445
1903955573
708179445
2002433120
79594940
708179445
2073053806
1480433776
2073053806
708179445
84597305
1480433776
1659944052
2073053806
1903955573
1659944052
121001044
1419807350
2073053806
1419807350
1480433776
1659944052
1480433776
1903955573
1659944052
1805555832
114373183
1903955573
1903955573
899918459
2051467904
846961592
19835351
1419807350
1419807350
121001044
1805555832
1805555832
1776072287
544072842
1776072287
79594940
708179445
1419807350
737075653
899918459
256269457
2002433120
2002433120
79594940
899918459
1805555832
2051467904
708179445
2073053806
1805555832
899918459
2073053806
2051467904
1480433776
19835351
1659944052
79594940
708179445
19835351
2051467904
40322709
1480433776
1659944052
1903955573
544072842
1419807350
19835351
320798233
899918459
2051467904
686190234
35899037
2073053806
544072842
737075653
19835351
544072842
256269457
1805555832
154843333
737075653
737075653
899918459
40322709
2107740272
1283122853
544072842
1903955573
737075653
993155243
256269457
256269457
2051467904
320798233
1480433776
1659944052
256269457
1419807350
686190234
1839039153
1903955573
40322709
19835351
40322709
40322709
320798233
803113149
35899037
686190234
1805555832
544072842
1419807350
35899037
1805555832
1390659775
154843333
737075653
899918459
256269457
154843333
2051467904
2107740272
1582021315
2107740272
899918459
1283122853
410524868
320798233
993155243
2051467904
19835351
34261701
686190234
902513865
19835351
1559603937
544072842
1973430712
1839039153
544072842
803113149
35899037
40322709
31932132
154843333
320798233
737075653
1283122853
256269457
40322709
320798233
737075653
1390659775
1028523901
1582021315
2107740272
686190234
1283122853
686190234
35899037
964272368
320798233
993155243
256269457
40322709
1839039153
410524868
320798233
35899037
154843333
993155243
327091443
686190234
686190234
803113149
34261701
1390659775
1582021315
902513865
2024551670
410524868
1559603937
35899037
1942476541
315568897
1973430712
2107740272
154843333
35899037
1283122853
34261701
993155243
2107740272
424447234
1283122853
1839039153
902513865
1839039153
803113149
1390659775
154843333
993155243
1839039153
1582021315
154843333
2107740272
2107740272
1283122853
1670704392
993155243
803113149
1283122853
410524868
993155243
1664760587
31932132
618130192
1839039153
34261701
803113149
1559603937
803113149
1700195332
902513865
1559603937
1839039153
1551331097
1390659775
1973430712
803113149
1390659775
31932132
1582021315
1028523901
964272368
327091443
1390659775
1973430712
1028523901
1390659775
410524868
31932132
964272368
1589509914
327091443
2024551670
1582021315
1028523901
1582021315
2024551670
1942476541
1582021315
410524868
1319324444
34261701
1942476541
315568897
34261701
410524868
34261701
902513865
424447234
902513865
1559603937
964272368
410524868
315568897
1670704392
424447234
327091443
1670704392
902513865
1425632029
1559603937
1559603937
1973430712
2024551670
1794038047
1664760587
1973430712
31932132
618130192
1700195332
1664760587
31932132
1028523901
85620009
34261701
1942476541
964272368
327091443
2024551670
1028523901
618130192
1700195332
1551331097
1973430712
1942476541
31932132
315568897
1028523901
1404910389
1551331097
1589509914
964272368
1319324444
327091443
498891073
315568897
475306309
964272368
46398278
902513865
1559603937
327091443
424447234
2024551670
880808776
1425632029
1973430712
1670704392
1279112534
1664760587
2024551670
1181962074
31932132
1028523901
964272368
1794038047
424447234
327091443
1589509914
85620009
618130192
1670704392
1319324444
2024551670
1664760587
1404910389
1640323932
1942476541
1700195332
618130192
498891073
475306309
1425632029
1551331097
1700195332
1794038047
85620009
1229329255
1551331097
1942476541
1589509914
315568897
1319324444
1404910389
1063806313
424447234
1670704392
46398278
1942476541
880808776
1256272746
1849354604
315568897
424447234
1670704392
315568897
1664760587
618130192
1700195332
424447234
1589509914
1664760587
1279112534
1425632029
498891073
1551331097
1589509914
1181962074
475306309
1319324444
999027056
618130192
1700195332
1551331097
1783198579
46398278
1794038047
1425632029
1589509914
1319324444
630794101
880808776
1794038047
1279112534
1640323932
1181962074
1670704392
1664760587
618130192
1700195332
85620009
1551331097
1229329255
1153106409
1425632029
1319324444
1404910389
445304189
498891073
85620009
1425632029
1589509914
1319324444
1404910389
1794038047
498891073
475306309
627517827
322579332
1640323932
475306309
1229329255
1794038047
486959493
46398278
1063806313
1256272746
880808776
83480457
1279112534
1865230487
85620009
85620009
1404910389
1404910389
46398278
1063806313
1425632029
1256272746
1181962074
498891073
1849354604
498891073
999027056
1849354604
880808776
475306309
627720079
46398278
999027056
880808776
1640323932
1229329255
1279112534
1063806313
435065233
1279112534
1256272746
1794038047
1849354604
1783198579
85620009
1181962074
1640323932
1783198579
630794101
475306309
999027056
1783198579
1229329255
1153106409
46398278
1404910389
445304189
630794101
630794101
1063806313
1153106409
1153106409
880808776
1256272746
445304189
1279112534
1181962074
1181962074
1849354604
627517827
322579332
1640323932
486959493
445304189
999027056
1640323932
498891073
1229329255
627517827
475306309
46398278
1063806313
1229329255
1063806313
1256272746
1849354604
1783198579
83480457
627517827
322579332
322579332
880808776
1279112534
486959493
630794101
1181962074
999027056
1865230487
1640323932
627720079
1256272746
1153106409
445304189
83480457
1783198579
1849354604
1271030165
83920795
630794101
999027056
1870416283
627517827
1153106409
435065233
445304189
1783198579
322579332
2089531303
1865230487
729101745
83315123
1229329255
670617013
630794101
627517827
322579332
486959493
1063806313
1271030165
627720079
83920795
1256272746
435065233
83480457
1865230487
627720079
486959493
486959493
435065233
1870416283
1849354604
1271030165
2089531303
83480457
1271030165
1153106409
999027056
83480457
83920795
1591069112
1865230487
1783198579
630794101
83920795
1870416283
552254906
445304189
1870416283
1865230487
627720079
729101745
2089531303
435065233
2105676732
1153106409
1271030165
445304189
83920795
627517827
627517827
377716671
1870416283
322579332
627720079
2089531303
1101206725
1407741380
322579332
83315123
435065233
670617013
486959493
729101745
2089531303
729101745
83315123
729101745
1591069112
83480457
83315123
1271030165
552254906
1865230487
670617013
2105676732
83920795
486959493
674831094
83315123
670617013
1870416283
2089531303
627720079
1591069112
1591069112
552254906
83480457
552254906
433326753
729101745
377716671
83315123
2105676732
2105676732
1101206725
445475795
1407741380
670617013
674831094
1591069112
552254906
765148631
2105676732
670617013
377716671
435065233
1101206725
1407741380
377716671
1591069112
1371358680
1271030165
552254906
377716671
674831094
1101206725
433326753
433326753
83920795
445475795
1101206725
1865230487
1904240601
627720079
445475795
2105676732
1407741380
765148631
377716671
183808990
674831094
1371358680
1870416283
1407741380
674831094
435065233
1271030165
83920795
433326753
1904240601
1101206725
445475795
1870416283
183808990
1407741380
174419424
2089531303
174419424
940356065
940356065
765148631
2089531303
105289699
674831094
729101745
729101745
765148631
83315123
4563428
670617013
1591069112
2083264997
552254906
1371358680
1343076326
1904240601
495802857
2105676732
1371358680
83315123
1684537837
670617013
433326753
1904240601
377716671
183808990
1101206725
433326753
574830068
183808990
174419424
1755066357
1591069112
1021745654
374293496
940356065
552254906
105289699
445475795
765148631
4563428
1371358680
445475795
1904240601
2105676732
765148631
105289699
377716671
1407741380
4563428
2083264997
174419424
1343076326
1371358680
674831094
1101206725
495802857
940356065
1684537837
285452799
183808990
433326753
1407741380
445475795
2083264997
1904240601
105289699
174419424
940356065
765148631
574830068
656788476
1984133631
1755066357
183808990
105289699
174419424
1021745654
4563428
1371358680
1904240601
1343076326
4563428
495802857
374293496
285452799
1684537837
940356065
674831094
183808990
2083264997
174419424
574830068
656788476
1343076326
1984133631
105289699
2083264997
940356065
1343076326
495802857
1755066357
495802857
1684537837
1021745654
1684537837
574830068
4563428
374293496
285452799
656788476
105289699
1984133631
4563428
2083264997
574830068
2083264997
1755066357
1343076326
1343076326
433326753
1021745654
445475795
765148631
495802857
1755066357
374293496
285452799
1371358680
1904240601
1021745654
656788476
183808990
374293496
285452799
1984133631
174419424
495802857
1684537837
1684537837
574830068
656788476
940356065
1984133631
574830068
105289699
1755066357
1021745654
1755066357
4563428
1021745654
374293496
285452799
656788476
2083264997
1343076326
1984133631
374293496
495802857
1684537837
574830068
285452799
1755066357
656788476
1021745654
1984133631
374293496
285452799
656788476
1984133631
